,timestamp,carts_carts-db,catalogue_catalogue-db,front-end_carts,front-end_catalogue,front-end_orders,front-end_session-db,front-end_user,orders_carts,orders_orders-db,orders_payment,orders_shipping,orders_user,queue-master_rabbitmq,shipping_rabbitmq,user_user-db
0,2022-03-30 14:04:40,4.87,6.7616,933.3333333333334,350.0,854.1666666666665,1.2893333333333334,1480.921052631579,350.0,45.59233333333333,3.5,207.5,425.0,0.3369333333333333,0.0,10.594533333333334
1,2022-03-30 14:04:55,4.690133333333334,6.293266666666667,950.0,350.0,666.6666666666666,1.1442666666666668,1500.0,350.0,25.874728882670397,5.085714285714285,182.0,421.25,0.3369333333333333,0.0,9.718133333333334
2,2022-03-30 14:05:10,4.655666666666667,3.7914666666666665,1171.4285714285716,350.0,1025.0,1.211347383856562,1500.0,366.6666666666667,37.76720018677874,3.321428571428571,181.25,467.5,0.24826666666666666,0.0005333333333333334,10.690466666666667
3,2022-03-30 14:05:25,4.363666666666667,4.7758666666666665,1111.111111111111,350.0,875.0,1.023840874841635,1500.0,350.0,28.855066666666666,4.5,220.5,425.0,0.30146666666666666,0.0005333333333333334,8.825866666666666
4,2022-03-30 14:05:41,4.531733333333333,6.4614666666666665,1125.0,350.0,775.0000000000001,1.2546464983007928,1488.5416666666667,359.375,47.89293333333333,3.458333333333333,182.91666666666666,433.1269349845202,0.3724,0.0,10.144
5,2022-03-30 14:05:56,4.355066666666667,4.494933333333333,1363.6363636363635,353.9473684210526,805.3571428571429,1.0586430289690745,1500.0,360.7142857142857,37.909333333333336,3.5,195.83333333333334,430.3571428571429,0.21280000000000002,0.0,10.228362280584811
6,2022-03-30 14:06:11,4.5204,6.417333333333333,887.4999999999999,353.57142857142856,1014.2045454545455,1.1765333333333334,1500.0,396.42857142857144,40.28586666666667,3.4,202.92857142857142,425.0,0.3369333333333333,0.0005333333333333334,8.450986415966574
7,2022-03-30 14:06:26,4.275266666666667,4.258133333333333,963.235294117647,350.0,619.7916666666666,1.2813333333333334,1500.0,350.0,51.7628,5.833333333333333,235.0,425.0,0.17733333333333334,0.0005333333333333334,9.454066666666666
8,2022-03-30 14:06:41,3.621,3.3712,1159.7222222222222,350.0,718.75,0.9048,1476.7992424242425,380.0,29.901866666666667,3.3333333333333335,221.875,425.0,0.2128,0.0,8.2092
9,2022-03-30 14:06:56,4.0052666666666665,3.6521333333333335,944.4444444444445,350.0,839.2857142857142,1.2013333333333334,1478.9575289575291,350.0,44.45786666666667,3.583333333333333,202.5,425.0,0.19506666666666667,0.0,8.5334
10,2022-03-30 14:07:11,4.035933333333333,4.903866666666667,1300.0,350.0,562.5,0.94,1500.0,398.75,40.264066666666665,3.4,182.91666666666666,479.5454545454545,0.2482666666666667,0.0005333333333333334,8.347133333333334
11,2022-03-30 14:07:26,3.4732000000000003,3.5468,857.1428571428571,350.0,698.6607142857142,1.1266666666666665,1500.0,375.0,43.139133333333334,4.8,197.5,430.3571428571429,0.266,0.0005333333333333334,7.906933333333333
12,2022-03-30 14:07:41,4.502892981403719,4.137533333333334,900.0,350.0,1093.75,1.0226666666666666,1486.4864864864865,384.375,57.257333333333335,3.25,259.375,449.7767857142857,0.2482666666666667,0.0,8.032466666666668
13,2022-03-30 14:07:56,4.931565339734613,7.8888,991.6666666666667,350.0,863.0952380952381,1.3672,1500.0,359.375,30.945999999999998,4.333333333333333,205.17857142857142,429.6875,0.37234326846174354,0.0,10.4088
14,2022-03-30 14:08:11,4.407266666666667,4.313133333333333,983.8541666666665,350.0,1050.0,1.1501333333333332,1500.0,367.70833333333337,40.08566666666667,5.888888888888889,235.00000000000003,425.0,0.3192425713523606,0.0005333333333333334,11.2072
